5.866110e-04
1.235957e-03
4.377034e-03
9.350761e-04
3.920370e-04
1.317933e-04
5.473102e+01
5.720361e+01
4.497031e+01
3.536356e+01
-2.195302e-03
-3.584759e-04
9.830837e+01
6.345447e+01
3.920370e-04
3.930716e+01
1.518079e-05
5.898773e-03
-2.877864e-04
0
4.987400e-05
2.858564e-04
-7.579830e-04
0
0
8.771307e+01
1.042876e-03
-1.707012e-03
8.376309e+01
1.097331e-04
0
0
-1.442963e-04
3.611334e+01
4.708247e+01
-2.886386e-03
-1.030593e-04
0
0
-2.073261e-03
1.604568e-04
3.865303e-04
-3.825072e-04
5.127138e-05
4.097294e-04
1.520916e-01
5.260553e+01
0
0
0