9.227088e-04
5.065927e-04
3.916846e-03
5.844068e-04
1.691531e-03
1.702585e-04
9.465783e+01
5.731888e+01
4.154003e+01
4.685135e+01
2.548090e-04
-7.618606e-05
7.779412e+01
6.342014e+01
1.691531e-03
4.299290e+01
-1.932292e-05
-1.694070e-03
2.619041e-04
0
-1.607046e-04
6.251683e-05
5.098617e-04
0
0
6.101134e+01
2.335835e-03
1.142313e-03
9.607653e+01
-2.570244e-03
0
0
1.492924e-05
2.878041e+01
2.855642e+01
-8.227494e-04
-1.987381e-03
0
0
1.539095e-03
1.880703e-06
5.052711e-04
1.640293e-03
-1.466176e-04
-1.106549e-03
-1.972216e-02
9.290340e+01
0
0
0