3.964067e-04
-2.485285e-04
7.601728e+01
6.829833e+01
6.314394e+01
5.630743e+01
5.222364e+01
8.139397e+01
4.397586e-04
-2.530171e-03
-4.729351e-04
-1.597062e-04
2.846753e-03
2.387895e-03
6.314394e+01
5.468305e+01
-3.104773e-05
3.568553e-02
2.699033e-06
0
-1.079495e-05
-4.188787e-04
-3.159390e-04
0
0
-2.422479e-03
3.271968e-04
7.639138e-03
-2.466625e-03
1.106375e-03
0
0
1.714483e-05
2.537883e-03
5.056246e-04
2.410061e+01
-4.050460e-05
0
0
7.073719e+01
7.183879e+01
4.758636e-05
-3.403797e-04
1.034180e-04
-1.889825e-04
8.889319e-01
-3.708462e-03
0
0
0